      0/99      7.2G      7.13      3.06         0      10.2        17       512         0         0    0.0755         0       5.9      1.38         0
      1/99     6.96G      4.35      1.52         0      5.87        18       512     0.655      0.03     0.223    0.0574      4.63     0.881         0
      2/99     6.96G      3.88      1.15         0      5.03        14       512     0.232     0.036    0.0648    0.0623      5.51     0.841         0
      3/99     6.96G      3.87         1         0      4.87        12       512   0.00833     0.288   0.00419    0.0162      6.65      83.6         0
      4/99     6.96G      3.67     0.989         0      4.66        23       512    0.0244     0.354    0.0158    0.0457      5.07      3.23         0
      5/99     6.96G      3.46     0.898         0      4.35        18       512     0.286     0.367      0.16     0.321      4.76      1.01         0
      6/99     6.96G      3.43     0.856         0      4.28        21       512     0.282      0.55     0.368     0.373      4.14     0.695         0
      7/99     6.96G      3.16     0.789         0      3.95        17       512     0.654      0.52     0.504     0.579      3.82     0.578         0
      8/99     6.96G      3.02     0.742         0      3.76        15       512     0.754     0.544     0.595     0.632       3.5     0.488         0
      9/99     6.96G      2.88     0.714         0      3.59        18       512       0.8     0.473     0.577     0.595      3.22     0.503         0
     10/99     6.96G      2.97      0.71         0      3.68        16       512     0.745     0.558     0.596     0.638      3.35     0.489         0
     11/99     6.96G      2.73     0.681         0      3.41        20       512     0.784      0.53     0.619     0.633      3.15     0.465         0
     12/99     6.96G      2.61     0.615         0      3.22        17       512     0.747     0.555     0.652     0.637      2.98     0.445         0
     13/99     6.96G      2.61     0.616         0      3.22        17       512     0.673     0.573      0.61     0.619      3.09     0.442         0
     14/99     6.96G      2.46     0.542         0         3        19       512      0.82     0.556     0.681     0.663      2.93     0.427         0
     15/99     6.96G       2.5     0.535         0      3.03        17       512     0.752     0.612     0.689     0.675      2.83     0.399         0
     16/99     6.96G       2.5     0.553         0      3.05        21       512     0.763     0.574     0.664     0.655      2.85     0.401         0
     17/99     6.96G       2.3     0.503         0      2.81        14       512     0.875     0.615      0.72     0.722      2.74     0.424         0
     18/99     6.96G      2.23     0.492         0      2.72        17       512     0.779     0.598     0.692     0.677      2.75     0.393         0
     19/99     6.96G      2.22     0.456         0      2.68        19       512       0.8     0.616     0.707     0.696      2.78     0.372         0
     20/99     6.96G      2.15     0.456         0      2.61        16       512     0.816     0.646     0.699     0.721      2.68     0.373         0
     21/99     6.96G      2.16     0.466         0      2.62        17       512     0.837     0.594     0.697     0.695      2.61     0.376         0
     22/99     6.96G      2.18     0.471         0      2.65        22       512     0.815     0.632     0.705     0.712      2.64      0.37         0
     23/99     6.96G      2.04     0.452         0      2.49        17       512     0.831     0.682     0.746     0.749      2.61     0.374         0
     24/99     6.96G      1.98     0.416         0      2.39        15       512     0.864     0.652     0.746     0.743      2.53     0.346         0
     25/99     6.96G      2.04     0.436         0      2.48        16       512      0.86     0.616     0.716     0.718      2.58     0.395         0
     26/99     6.96G      2.03     0.444         0      2.47        18       512     0.867      0.63     0.747      0.73      2.56     0.372         0
     27/99     6.96G      1.92     0.405         0      2.32        17       512     0.821     0.676     0.737     0.742      2.59     0.371         0
     28/99     6.96G      1.93     0.414         0      2.35        17       512     0.869      0.69     0.776     0.769      2.42     0.374         0
     29/99     6.96G      1.95     0.414         0      2.36        15       512     0.924     0.637     0.778     0.754      2.51     0.402         0
     30/99     6.96G      1.89     0.406         0       2.3        18       512     0.894     0.712      0.82     0.793      2.31      0.38         0
     31/99     6.96G      1.82     0.393         0      2.22        19       512     0.882      0.72     0.821     0.793       2.3      0.35         0
     32/99     6.96G      1.76     0.406         0      2.16        18       512     0.859     0.752     0.799     0.802      2.27     0.359         0
     33/99     6.96G       1.8     0.392         0      2.19        21       512     0.849      0.74     0.801     0.791      2.19      0.39         0
     34/99     6.96G      1.76     0.384         0      2.15        22       512     0.853      0.71     0.797     0.775      2.25     0.346         0
     35/99     6.96G      1.73     0.377         0      2.11        14       512     0.857     0.754     0.799     0.802       2.2      0.33         0
     36/99     6.96G      1.76     0.373         0      2.13        14       512     0.876     0.708     0.794     0.783      2.17     0.347         0
     37/99     6.96G      1.67     0.377         0      2.04        16       512     0.889     0.734     0.794     0.804      2.33     0.349         0
     38/99     6.96G      1.62      0.35         0      1.97        17       512     0.886     0.712     0.801      0.79      2.09     0.353         0
     39/99     6.96G      1.66     0.347         0      2.01        17       512     0.875     0.715     0.796     0.787      2.33     0.343         0
     40/99     6.96G      1.51     0.356         0      1.87        18       512     0.885     0.736     0.819     0.804      2.11     0.381         0
     41/99     6.96G      1.58     0.346         0      1.93        17       512     0.893     0.734     0.801     0.806      2.27     0.365         0
     42/99     6.96G       1.6      0.33         0      1.93        17       512     0.899     0.715     0.792     0.797      2.26     0.373         0
     43/99     6.96G      1.51     0.357         0      1.87        16       512     0.873     0.742     0.805     0.802      2.13     0.352         0
     44/99     6.96G      1.54      0.34         0      1.88        12       512     0.911     0.755     0.824     0.826      2.07     0.353         0
     45/99     6.96G      1.46     0.343         0      1.81        14       512     0.918     0.752     0.817     0.827      2.15     0.338         0
     46/99     6.96G      1.43     0.349         0      1.78        20       512     0.923     0.734     0.842     0.818      2.04     0.341         0
     47/99     6.96G      1.47     0.331         0       1.8        18       512     0.911     0.738      0.83     0.816      2.19     0.354         0
     48/99     6.96G       1.5     0.329         0      1.83        19       512     0.916     0.758     0.827     0.829      2.16     0.361         0
     49/99     6.96G      1.47     0.338         0      1.81        18       512     0.912     0.762     0.827      0.83      2.08     0.344         0
     50/99     6.96G      1.37     0.306         0      1.68        13       512     0.923     0.768     0.836     0.839      2.11     0.357         0
     51/99     6.96G      1.39      0.33         0      1.72        16       512     0.915      0.76     0.825      0.83      2.16     0.365         0
     52/99     6.96G      1.29     0.347         0      1.63        17       512     0.898     0.762     0.837     0.825      2.09     0.359         0
     53/99     6.96G      1.32     0.333         0      1.66        16       512     0.873     0.759      0.82     0.812      2.18     0.366         0
     54/99     6.96G       1.4     0.314         0      1.71        23       512     0.932     0.744     0.846     0.827      2.12     0.388         0
     55/99     6.96G      1.21     0.302         0      1.51        16       512     0.901     0.764     0.823     0.827      2.16     0.362         0
     56/99     6.96G       1.3     0.292         0      1.59        17       512     0.944      0.71     0.835      0.81      1.99     0.356         0
     57/99     6.96G      1.31     0.289         0      1.59        13       512     0.929     0.733     0.831     0.819         2     0.387         0
     58/99     6.96G      1.32     0.321         0      1.64        15       512     0.921     0.778     0.833     0.843      2.03     0.355         0
     59/99     6.96G      1.17     0.306         0      1.48        15       512     0.932     0.771     0.843     0.844      2.01     0.364         0
     60/99     6.96G      1.21     0.298         0      1.51        18       512     0.924     0.758     0.823     0.833      2.18     0.364         0
     61/99     6.96G      1.09     0.297         0      1.39        21       512     0.924     0.758     0.836     0.833      2.07     0.363         0
     62/99     6.96G       1.2     0.294         0      1.49        16       512     0.914     0.762     0.821     0.831      2.13     0.367         0
     63/99     6.96G      1.18     0.293         0      1.47        16       512     0.918     0.776     0.848     0.841      1.99     0.335         0
     64/99     6.96G       1.2     0.282         0      1.48        15       512     0.913     0.766     0.844     0.833      2.03     0.353         0
     65/99     6.96G      1.12     0.277         0       1.4        16       512     0.937     0.777     0.855      0.85      1.96     0.343         0
     66/99     6.96G      1.17     0.273         0      1.44        20       512     0.912      0.79     0.846     0.847         2     0.342         0
     67/99     6.96G      1.13      0.27         0       1.4        15       512     0.901     0.792     0.847     0.843      1.95     0.343         0
     68/99     6.96G      1.07      0.31         0      1.38        21       512     0.916     0.785     0.838     0.845      1.93     0.347         0
     69/99     6.96G      1.08     0.278         0      1.36        20       512     0.916     0.763     0.846     0.832      1.91     0.369         0
     70/99     6.96G      1.03     0.271         0       1.3        15       512     0.923     0.766     0.845     0.837      1.93     0.364         0
     71/99     6.96G      1.03     0.282         0      1.31        17       512     0.927     0.761     0.838     0.836      1.89     0.357         0
     72/99     6.96G      1.07     0.264         0      1.34        16       512     0.917     0.774     0.842     0.839      1.98     0.367         0
     73/99     6.96G      1.05     0.266         0      1.32        14       512     0.925     0.756     0.837     0.832      1.98     0.378         0
     74/99     6.96G     0.995     0.249         0      1.24        16       512     0.932     0.744     0.847     0.828         2     0.387         0
     75/99     6.96G     0.986     0.263         0      1.25        17       512     0.951     0.732     0.856     0.827      1.93     0.398         0
     76/99     6.96G      1.04     0.267         0       1.3        16       512     0.943     0.726     0.838      0.82      1.98     0.388         0
     77/99     6.96G     0.981     0.275         0      1.26        12       512     0.947     0.744     0.836     0.833         2     0.364         0
     78/99     6.96G      1.02      0.26         0      1.28        20       512      0.94     0.754      0.84     0.837      1.96     0.373         0
     79/99     6.96G     0.953     0.269         0      1.22        17       512     0.935     0.758     0.846     0.837      1.93     0.394         0
     80/99     6.96G      0.95      0.26         0      1.21        16       512     0.934     0.758     0.845     0.837      1.96     0.382         0
     81/99     6.96G     0.959     0.268         0      1.23        18       512     0.911     0.757     0.837     0.827      1.93     0.368         0
     82/99     6.96G     0.976     0.264         0      1.24        14       512     0.935     0.748     0.837     0.831      1.91     0.371         0
     83/99     6.96G      0.92     0.258         0      1.18        15       512     0.931     0.755     0.841     0.834      1.94     0.374         0
     84/99     6.96G     0.916     0.255         0      1.17        19       512     0.945      0.75     0.849     0.836      1.91     0.381         0
     85/99     6.96G     0.888     0.247         0      1.14        19       512     0.951     0.742     0.851     0.833      1.88     0.379         0
     86/99     6.96G     0.902     0.253         0      1.15        14       512     0.949      0.75     0.852     0.838      1.86     0.369         0
     87/99     6.96G     0.879     0.262         0      1.14        18       512     0.945      0.75     0.855     0.836      1.87     0.361         0
     88/99     6.96G     0.918     0.251         0      1.17        16       512     0.938     0.762     0.855     0.841      1.91     0.363         0
     89/99     6.96G     0.848      0.25         0       1.1        16       512     0.934     0.764     0.854     0.841      1.84     0.361         0
     90/99     6.96G     0.884     0.254         0      1.14        17       512     0.932     0.778     0.854     0.848       1.9     0.352         0
     91/99     6.96G     0.901     0.281         0      1.18        22       512      0.94     0.778     0.856     0.851      1.92      0.35         0
     92/99     6.96G     0.863     0.273         0      1.14        20       512     0.944     0.766     0.857     0.846      1.89     0.359         0
     93/99     6.96G     0.832     0.257         0      1.09        20       512     0.939     0.766     0.857     0.844      1.87     0.361         0
     94/99     6.96G     0.859     0.244         0       1.1        16       512     0.942     0.778     0.859     0.852      1.84     0.361         0
     95/99     6.96G     0.855     0.253         0      1.11        18       512     0.939     0.767     0.857     0.844      1.87     0.354         0
     96/99     6.96G     0.815     0.246         0      1.06        18       512     0.943     0.763     0.855     0.844      1.87     0.357         0
     97/99     6.96G       0.8     0.236         0      1.04        15       512     0.953     0.769     0.859     0.851      1.88     0.367         0
     98/99     6.96G     0.851     0.243         0      1.09        16       512     0.951     0.762     0.858     0.846      1.84     0.369         0
     99/99     6.96G     0.842      0.26         0       1.1        17       512     0.945     0.761     0.855     0.843      1.89     0.369         0
